0  0  | 0  3
0  0  | 0  0
-------------
0  0  | 3  0
0  1  | 2  0

(0,0) -> 1
1  0  | 0  3
0  0  | 0  0
-------------
0  0  | 3  0
0  1  | 2  0

(0,1) -> 2
1  2  | 0  3
0  0  | 0  0
-------------
0  0  | 3  0
0  1  | 2  0

(0,2) -> 4
1  2  | 4  3
0  0  | 0  0
-------------
0  0  | 3  0
0  1  | 2  0

(1,0) -> 3 (pois 2 já está no bloco)
1  2  | 4  3
3  0  | 0  0
-------------
0  0  | 3  0
0  1  | 2  0

(1,1) -> 4
1  2  | 4  3
3  4  | 0  0
-------------
0  0  | 3  0
0  1  | 2  0

(1,2) -> 1
1  2  | 4  3
3  4  | 1  0
-------------
0  0  | 3  0
0  1  | 2  0

(1,3) -> 2
1  2  | 4  3
3  4  | 1  2
-------------
0  0  | 3  0
0  1  | 2  0

(2,0) -> 2 
1  2  | 4  3
3  4  | 1  2
-------------
2  0  | 3  0
0  1  | 2  0

(2,1) -> Teria que ser 3 mas ja tem 3 na mesma linha.
Portanto, (2,0) não pode ter cor 2. Volta para ele e tenta a próxima cor.

(2,0) -> 4 
1  2  | 4  3
3  4  | 1  2
-------------
4  0  | 3  0
0  1  | 2  0

(2,1) -> Combinação inválida, protanto (2,0) não pode ser 4  

(2,0) -> Todas as cores foram tentadas, retorna false. Indicando que (1,3) não pode ter cor 2

(1,3) -> Todas as cores tentadas. (1,2) não pode ser 1

(1,2) -> Todas as cores tentadas. (1,1) não pode ser 4

(1,1) -> Todas as cores tentadas. (1,0) não pode ser 3

(1,0) -> 4 (alterado de 3 para 4)
1  2  | 4  3
4  0  | 0  0
-------------
0  0  | 3  0
0  1  | 2  0

(1,1) -> 3
1  2  | 4  3
4  3  | 0  0
-------------
0  0  | 3  0
0  1  | 2  0

(1,2) -> 1
1  2  | 4  3
4  3  | 1  0
-------------
0  0  | 3  0
0  1  | 2  0

(1,3) -> 2
1  2  | 4  3
4  3  | 1  2
-------------
0  0  | 3  0
0  1  | 2  0

(2,0) -> 2
1  2  | 4  3
4  3  | 1  2
-------------
2  0  | 3  0
0  1  | 2  0

(2,1) -> 4
1  2  | 4  3
4  3  | 1  2
-------------
2  4  | 3  0
0  1  | 2  0

(2,3) -> 1
1  2  | 4  3
4  3  | 1  2
-------------
2  4  | 3  1
0  1  | 2  0

(3,0) -> 3
1  2  | 4  3
4  3  | 1  2
-------------
2  4  | 3  1
3  1  | 2  0

(3,3) -> 4
1  2  | 4  3
4  3  | 1  2
-------------
2  4  | 3  1
3  1  | 2  4



